560 440
624 338 4 -3
50
0 58.1818 62.2 36.8 3
64.2 58.1818 62.2 36.8 3
128.4 58.1818 62.2 36.8 3
192.6 58.1818 62.2 36.8 3
256.8 58.1818 62.2 36.8 3
321 58.1818 62.2 36.8 3
385.2 58.1818 62.2 36.8 3
449.4 58.1818 62.2 36.8 3
513.6 58.1818 62.2 36.8 3
577.8 58.1818 62.2 36.8 3
0 96.9818 62.2 36.8 2
64.2 96.9818 62.2 36.8 2
128.4 96.9818 62.2 36.8 2
192.6 96.9818 62.2 36.8 2
256.8 96.9818 62.2 36.8 2
321 96.9818 62.2 36.8 2
385.2 96.9818 62.2 36.8 2
449.4 96.9818 62.2 36.8 2
513.6 96.9818 62.2 36.8 2
577.8 96.9818 62.2 36.8 2
0 135.782 62.2 36.8 2
64.2 135.782 62.2 36.8 2
128.4 135.782 62.2 36.8 2
192.6 135.782 62.2 36.8 2
256.8 135.782 62.2 36.8 2
321 135.782 62.2 36.8 2
385.2 135.782 62.2 36.8 2
449.4 135.782 62.2 36.8 2
513.6 135.782 62.2 36.8 2
577.8 135.782 62.2 36.8 2
0 174.582 62.2 36.8 1
64.2 174.582 62.2 36.8 1
128.4 174.582 62.2 36.8 1
192.6 174.582 62.2 36.8 1
256.8 174.582 62.2 36.8 1
321 174.582 62.2 36.8 1
385.2 174.582 62.2 36.8 1
449.4 174.582 62.2 36.8 1
513.6 174.582 62.2 36.8 1
577.8 174.582 62.2 36.8 1
0 213.382 62.2 36.8 1
64.2 213.382 62.2 36.8 1
128.4 213.382 62.2 36.8 1
192.6 213.382 62.2 36.8 1
256.8 213.382 62.2 36.8 1
321 213.382 62.2 36.8 1
385.2 213.382 62.2 36.8 1
449.4 213.382 62.2 36.8 1
513.6 213.382 62.2 36.8 1
577.8 213.382 62.2 36.8 1
